dTime,ang,err,sum,last,diff,turn,speedL,speedR
0.100001416,0.015951775,0.015951775,0.015951775,0,0.015951775,0.00494505,0.25494505,0.24505495
0.100005271,-0.110775292,-0.110775292,-0.10024712,0.015951775,-0.126727067,-0.03434034,0.21565966,0.28434034
0.100000895,-0.048845116,-0.048845116,-0.115008216,-0.110775292,0.061930176,-0.015141986,0.234858014,0.265141986
0.100005375,0.0088619,0.0088619,-0.067043522,-0.048845116,0.057707016,0.002747189,0.252747189,0.247252811
0.10000001,0.008521144,0.008521144,-0.03572758,0.0088619,-3.41E-04,0.002641555,0.252641555,0.247358445
0.10000251,-0.059068486,-0.059068486,-0.082648689,0.008521144,-0.06758963,-0.018311231,0.231688769,0.268311231
0.100002614,0.003408429,0.003408429,-0.051139705,-0.059068486,0.062476916,0.001056613,0.251056613,0.248943387
0.100003187,0.066019744,0.066019744,0.032267538,0.003408429,0.062611314,0.020466121,0.270466121,0.229533879
0.100004176,0.007089495,0.007089495,0.02838607,0.066019744,-0.058930249,0.002197743,0.252197743,0.247802257
0.10000126,0.067589752,0.067589752,0.086324559,0.007089495,0.060500258,0.020952823,0.270952823,0.229047177
0.100063917,0.004908196,0.004908196,0.061882405,0.067589752,-0.062681556,0.001521541,0.251521541,0.248478459
0.100000999,-0.124957174,-0.124957174,-0.084114787,0.004908196,-0.12986537,-0.038736724,0.211263276,0.288736724
0.100003604,-0.131502613,-0.131502613,-0.187018373,-0.124957174,-0.006545439,-0.04076581,0.20923419,0.29076581
0.100002458,-0.007839601,-0.007839601,-0.131271728,-0.131502613,0.123663012,-0.002430276,0.247569724,0.252430276
0.100004958,0.052663442,0.052663442,-0.033975898,-0.007839601,0.060503043,0.016325667,0.266325667,0.233674333
0.10000001,-0.010225418,-0.010225418,-0.032649511,0.052663442,-0.06288886,-0.00316988,0.24683012,0.25316988
0.100000635,-0.013634043,-0.013634043,-0.03518272,-0.010225418,-0.003408625,-0.004226553,0.245773447,0.254226553
0.101688135,0.050548881,0.050548881,0.027328286,-0.013634043,0.064182924,0.015670153,0.265670153,0.234329847
0.100004072,0.048845116,0.048845116,0.066881785,0.050548881,-0.001703765,0.015141986,0.265141986,0.234858014
0.100000635,0.046526115,0.046526115,0.090668093,0.048845116,-0.002319001,0.014423096,0.264423096,0.235576904
0.100002927,-0.013634043,-0.013634043,0.046206899,0.046526115,-0.060160158,-0.004226553,0.245773447,0.254226553
0.100003603,-0.013088809,-0.013088809,0.017407744,-0.013634043,5.45E-04,-0.004057531,0.245942469,0.254057531
0.1000035,-0.013634043,-0.013634043,-0.002144932,-0.013088809,-5.45E-04,-0.004226553,0.245773447,0.254226553
0.100000843,-0.012883827,-0.012883827,-0.014299482,-0.013634043,7.50E-04,-0.003993986,0.246006014,0.253993986
0.100004854,0.112065658,0.112065658,0.102628,-0.012883827,0.124949485,0.034740354,0.284740354,0.215259646
0.100002822,0.117584929,0.117584929,0.185319409,0.112065658,0.005519271,0.036451328,0.286451328,0.213548672
0.10000324,0.056951683,0.056951683,0.179262493,0.117584929,-0.060633246,0.017655022,0.267655022,0.232344978
0.100005843,-0.064313442,-0.064313442,0.053999804,0.056951683,-0.121265125,-0.019937167,0.230062833,0.269937167
0.100002041,-0.124949731,-0.124949731,-0.08930986,-0.064313442,-0.060636289,-0.038734417,0.211265583,0.288734417
0.100000843,-0.126722187,-0.126722187,-0.185666695,-0.124949731,-0.001772456,-0.039283878,0.210716122,0.289283878
0.101659698,-0.124949731,-0.124949731,-0.247489749,-0.126722187,0.001772456,-0.038734417,0.211265583,0.288734417
0.100003395,0.06615407,0.06615407,-0.097189164,-0.124949731,0.191103801,0.020507762,0.270507762,0.229492238
0.100003708,0.192941204,0.192941204,0.128796355,0.06615407,0.126787134,0.059811773,0.309811773,0.190188227
0.100002094,0.134823367,0.134823367,0.219828961,0.192941204,-0.058117837,0.041795244,0.291795244,0.208204756
0.100005426,-0.062468737,-0.062468737,0.082618377,0.134823367,-0.197292104,-0.019365309,0.230634691,0.269365309
0.100979385,-0.114318125,-0.114318125,-0.059789996,-0.062468737,-0.051849388,-0.035438619,0.214561381,0.285438619
0.100000635,-0.051027779,-0.051027779,-0.090489176,-0.114318125,0.063290346,-0.015818611,0.234181389,0.265818611
0.100011833,-0.052252695,-0.052252695,-0.111975551,-0.051027779,-0.001224916,-0.016198335,0.233801665,0.266198335
0.100002458,-0.052252695,-0.052252695,-0.126156559,-0.052252695,0,-0.016198335,0.233801665,0.266198335
0.100052197,0.012883827,0.012883827,-0.070379502,-0.052252695,0.065136522,0.003993986,0.253993986,0.246006014
0.100016937,0.074883454,0.074883454,0.028432982,0.012883827,0.061999626,0.023213871,0.273213871,0.226786129
0.100043083,0.015951775,0.015951775,0.034717543,0.074883454,-0.058931679,0.00494505,0.25494505,0.24505495
0.100001104,-0.10654746,-0.10654746,-0.083633881,0.015951775,-0.122499235,-0.033029713,0.216970287,0.283029713
0.100004125,-0.106215373,-0.106215373,-0.161413734,-0.10654746,3.32E-04,-0.032926766,0.217073234,0.282926766
0.100004228,-0.053484734,-0.053484734,-0.160017799,-0.106215373,0.052730639,-0.016580268,0.233419732,0.266580268
0.100048187,0.006271659,0.006271659,-0.099340088,-0.053484734,0.059756394,0.001944214,0.251944214,0.248055786
0.101210271,-0.120257623,-0.120257623,-0.185822081,0.006271659,-0.126529283,-0.037279863,0.212720137,0.287279863
0.100005374,-0.118137851,-0.118137851,-0.240780425,-0.120257623,0.002119772,-0.036622734,0.213377266,0.286622734
0.100002875,0.006544279,0.006544279,-0.152370801,-0.118137851,0.124682131,0.002028727,0.252028727,0.247971273
0.100724333,0.070659883,0.070659883,-0.029904845,0.006544279,0.064115604,0.021904564,0.271904564,0.228095436
0.100003812,0.006544279,0.006544279,-0.013192919,0.070659883,-0.064115604,0.002028727,0.252028727,0.247971273
0.100005791,-0.057570737,-0.057570737,-0.066278063,0.006544279,-0.064115016,-0.017846928,0.232153072,0.267846928
0.100147354,-0.118966192,-0.118966192,-0.162709714,-0.057570737,-0.061395455,-0.03687952,0.21312048,0.28687952
0.100002145,-0.121964835,-0.121964835,-0.229353246,-0.118966192,-0.002998643,-0.037809099,0.212190901,0.287809099
0.100000896,-0.118966192,-0.118966192,-0.270339334,-0.121964835,0.002998643,-0.03687952,0.21312048,0.28687952
0.10000553,0.007839601,0.007839601,-0.170584359,-0.118966192,0.126805793,0.002430276,0.252430276,0.247569724
0.100003969,0.130964205,0.130964205,0.018378528,0.007839601,0.123124603,0.040598903,0.290598903,0.209401097
0.100000322,0.132127061,0.132127061,0.14425689,0.130964205,0.001162857,0.040959389,0.290959389,0.209040611
0.100005166,0.008998618,0.008998618,0.104208166,0.132127061,-0.123128443,0.002789572,0.252789572,0.247210428
0.100005635,-0.114949577,-0.114949577,-0.046172187,0.008998618,-0.123948195,-0.035634369,0.214365631,0.285634369
0.100002771,-0.177435055,-0.177435055,-0.207908699,-0.114949577,-0.062485479,-0.055004867,0.194995133,0.305004867
0.100003708,-0.053895291,-0.053895291,-0.191115032,-0.177435055,0.123539764,-0.01670754,0.23329246,0.26670754
0.100004437,0.008589664,0.008589664,-0.117546258,-0.053895291,0.062484954,0.002662796,0.252662796,0.247337204
0.100003916,0.009407563,0.009407563,-0.068172967,0.008589664,8.18E-04,0.002916345,0.252916345,0.247083655
0.100002718,0.003408429,0.003408429,-0.041585729,0.009407563,-0.005999134,0.001056613,0.251056613,0.248943387
0.100755896,0.065481655,0.065481655,0.038035074,0.003408429,0.062073226,0.020299313,0.270299313,0.229700687
0.100001416,0.062483609,0.062483609,0.087586758,0.065481655,-0.002998047,0.019369919,0.269369919,0.230630081
0.100004281,0,0,0.05780726,0.062483609,-0.062483609,0,0.25,0.25
0.100003968,-0.063848592,-0.063848592,-0.025695801,0,-0.063848592,-0.019793064,0.230206936,0.269793064
